-10.100000
-48.400000
79.300000
-34.900000
43.400000
-27.000000
97.700000
-99.700000
-9.000000
-36.000000
-9.700000
1.500000
-36.700000
-10.900000
-1.700000
-11.100000
28.800000
-52.300000
-58.200000
-22.000000
-39.600000
71.200000
76.400000
-29.700000
93.800000
-71.300000
65.300000
-12.700000
-87.700000
49.400000
83.300000
2.300000
56.700000
18.300000
23.100000
0.000000
91.300000
-23.600000
-44.000000
-62.100000
40.500000
2.100000
-4.900000
-96.300000
91.200000
93.400000
-7.400000
19.900000
-58.900000
-9.900000
53.600000
-42.800000
-83.100000
29.900000
27.500000
66.500000
58.600000
-51.500000
-46.300000
26.700000
53.600000
92.700000
-71.100000
10.200000
-33.400000
7.700000
65.900000
-42.100000
84.100000
-78.200000
-48.500000
24.500000
23.900000
46.700000
-16.100000
15.000000
40.000000
76.500000
90.600000
81.100000
-77.800000
44.200000
-61.800000
-60.800000
-26.000000
21.500000
-94.400000
88.400000
25.700000
-85.000000
15.000000
-20.800000
63.400000
-0.400000
89.400000
-70.000000
63.000000
10.900000
-56.400000
47.000000
32.700000
-4.900000
-72.800000
-87.700000
-58.300000
11.100000
-17.000000
81.800000
-56.700000
-70.700000
18.500000
-78.800000
73.500000
56.800000
-83.900000
-96.900000
-66.100000
77.500000
91.500000
59.600000
92.500000
-37.900000
-61.300000
11.600000
17.400000
83.800000
-2.700000
-19.700000
-5.400000
-3.400000
83.100000
83.000000
91.700000
-89.800000
51.000000
89.200000
-23.000000
89.800000
26.600000
-24.000000
-81.000000
-55.000000
-2.700000
92.500000
57.500000
13.400000
51.300000
47.100000
-9.100000
-1.500000
6.600000
-61.000000
60.600000
1.000000
6.300000
-66.300000
-15.300000
59.300000
14.000000
35.000000
-44.200000
-3.000000
-26.300000
-96.800000
-37.100000
-75.400000
92.400000
40.000000
-85.700000
-25.400000
71.700000
89.100000
-24.700000
-31.100000
81.500000
88.600000
38.100000
-11.500000
35.600000
-71.100000
87.000000
-57.800000
-76.400000
47.500000
-1.100000
30.000000
81.200000
39.400000
-10.800000
-49.100000
-25.700000
45.100000
3.600000
3.700000
4.000000
22.300000
28.400000
-48.000000
-37.800000
-1.600000
26.600000
89.600000
-12.500000
57.600000
-41.500000
-75.400000
46.100000
96.600000
13.100000
-18.300000
81.200000
0.000000
-20.400000
-95.300000
-96.800000
78.500000
-9.600000
40.100000
17.800000
79.700000
46.700000
47.900000
-19.600000
-49.700000
-48.500000
84.400000
72.600000
35.600000
-63.700000
90.500000
89.800000
18.600000
80.000000
-67.100000
-23.900000
94.200000
-42.500000
-77.800000
46.400000
26.400000
-40.400000
27.500000
-73.700000
39.200000
-12.000000
85.300000
-26.700000
78.400000
25.400000
46.900000
58.000000
-28.000000
-49.600000
94.100000
-22.000000
-42.400000
