82.000000
-16.300000
78.500000
16.800000
60.800000
32.000000
77.800000
10.100000
59.900000
75.900000
-13.600000
-77.300000
-19.200000
13.200000
-75.800000
-89.500000
-98.300000
-90.500000
68.500000
33.800000
-67.100000
92.600000
32.900000
53.100000
-69.400000
-29.400000
-59.100000
52.700000
-16.900000
53.900000
-36.800000
-35.000000
93.400000
-58.400000
37.500000
9.800000
29.300000
-29.100000
-80.200000
-10.900000
-53.200000
-38.000000
-32.500000
-16.700000
75.200000
-8.200000
-6.200000
76.900000
1.300000
-37.800000
10.700000
-10.000000
-89.500000
99.300000
-57.000000
-58.900000
-30.100000
-60.300000
49.500000
53.000000
49.300000
-87.400000
73.700000
42.600000
