-51.500000
37.600000
-76.300000
-89.400000
91.900000
-94.400000
60.100000
18.600000
0.100000
-99.700000
70.800000
-62.200000
-10.700000
7.100000
-59.100000
69.600000
72.600000
51.800000
24.000000
64.900000
-95.200000
11.400000
46.500000
-49.700000
-95.300000
24.300000
89.400000
65.100000
-87.000000
58.900000
5.300000
-82.700000
-3.500000
29.100000
-72.100000
-56.000000
-9.600000
88.000000
62.600000
46.200000
44.000000
33.300000
39.700000
-66.800000
96.200000
36.300000
58.500000
24.400000
-12.000000
-17.600000
-55.100000
-7.100000
49.500000
91.500000
-1.100000
9.900000
15.700000
-56.100000
-25.000000
-15.600000
-97.200000
80.300000
1.700000
-45.000000
-35.000000
29.600000
-1.000000
11.100000
-26.800000
-38.400000
-42.800000
-82.900000
50.600000
97.000000
-93.900000
2.400000
33.200000
64.600000
-73.200000
77.000000
-97.300000
-28.300000
-74.500000
7.900000
-81.200000
24.400000
73.600000
-9.800000
68.400000
-95.800000
74.700000
26.900000
40.200000
-23.700000
81.900000
61.000000
-94.100000
-19.200000
-28.000000
-65.200000
42.400000
29.300000
-92.300000
-51.300000
-18.100000
-86.200000
51.100000
70.800000
34.100000
33.600000
47.700000
-7.500000
-94.700000
73.200000
56.200000
79.900000
-46.700000
-14.600000
-29.900000
77.400000
-10.400000
-55.300000
4.200000
-70.300000
21.000000
-14.000000
90.700000
-17.400000
22.500000
-81.600000
17.500000
-79.400000
47.700000
25.200000
-30.700000
85.300000
-5.300000
-79.700000
56.000000
84.500000
54.000000
3.700000
-67.300000
15.000000
-67.500000
88.900000
-5.200000
-14.200000
-25.800000
20.600000
-81.200000
19.500000
65.300000
-21.300000
4.900000
-58.000000
64.700000
-48.700000
24.600000
-57.100000
-30.300000
97.800000
-36.500000
-82.700000
-21.400000
32.800000
-97.500000
73.300000
8.800000
14.200000
13.500000
-81.600000
-82.200000
46.200000
-10.900000
-93.900000
-9.300000
39.700000
-8.100000
20.600000
-39.800000
-33.500000
-60.000000
-74.500000
45.200000
0.600000
-32.500000
-34.400000
51.900000
47.800000
8.500000
-78.500000
45.600000
72.000000
94.600000
-75.900000
-39.600000
52.800000
53.200000
24.900000
-33.000000
-77.700000
43.400000
-59.500000
68.500000
-67.600000
-53.400000
-85.200000
27.800000
38.600000
-8.900000
88.100000
60.800000
-13.200000
-86.500000
5.900000
87.400000
-63.300000
71.500000
39.300000
84.500000
-20.100000
60.800000
-14.300000
-92.500000
11.100000
9.900000
-76.400000
-36.200000
-81.300000
48.600000
30.800000
-59.000000
-52.400000
71.400000
65.200000
-64.300000
-82.100000
35.700000
63.600000
12.200000
-73.300000
51.600000
-27.100000
13.500000
20.800000
34.600000
0.800000
13.200000
6.000000
95.800000
-46.700000
41.700000
56.600000
39.100000
4.900000
-76.700000
-95.400000
28.600000
-12.900000
-76.700000
-67.200000
73.700000
-80.000000
-19.600000
0.700000
85.200000
-28.200000
-25.700000
-23.500000
-64.700000
42.300000
3.200000
42.600000
70.900000
-83.400000
-81.000000
5.400000
-26.900000
32.200000
67.200000
-31.100000
85.600000
8.800000
81.200000
-19.700000
69.400000
-95.600000
-15.100000
-2.100000
-52.800000
-36.100000
-13.600000
-79.200000
-16.100000
66.800000
-22.800000
-75.300000
94.400000
7.300000
1.200000
-70.400000
-50.500000
-95.700000
28.000000
-79.700000
76.700000
47.000000
25.800000
-50.300000
-65.100000
-51.400000
18.600000
76.200000
13.100000
-44.600000
-43.600000
-17.600000
-40.200000
-3.000000
80.400000
7.100000
60.900000
-33.300000
-16.400000
-55.300000
89.300000
16.600000
-74.900000
83.600000
-76.200000
26.300000
68.900000
-26.700000
-13.700000
-47.500000
-50.700000
-37.100000
55.300000
30.800000
-31.700000
90.200000
79.400000
42.700000
22.000000
-7.600000
98.100000
78.400000
74.900000
-86.400000
-24.700000
10.900000
-23.600000
-63.900000
33.300000
15.700000
-63.500000
-21.800000
-67.800000
-38.400000
-38.300000
-88.300000
43.600000
86.400000
-15.000000
-70.200000
94.600000
34.400000
-51.600000
49.800000
-79.200000
-27.600000
-4.400000
-99.800000
-85.000000
-82.500000
-51.700000
68.900000
95.900000
-76.900000
38.200000
-73.200000
34.000000
-85.500000
-81.400000
-77.000000
30.200000
-44.900000
1.200000
18.200000
-27.600000
18.700000
29.900000
71.700000
5.000000
-85.100000
-98.600000
-44.800000
5.000000
-94.500000
-95.000000
25.800000
-22.000000
0.600000
-18.300000
-51.300000
18.200000
30.100000
73.300000
-30.300000
8.900000
11.400000
-3.400000
98.700000
25.900000
15.200000
-78.400000
-88.200000
26.100000
22.800000
30.000000
54.200000
-58.600000
-40.200000
25.900000
2.100000
-69.600000
-17.000000
57.400000
-8.900000
-55.700000
62.400000
72.700000
22.300000
-81.400000
-45.700000
26.700000
36.800000
40.100000
-44.300000
-93.500000
-51.000000
67.100000
-41.200000
-52.400000
-51.300000
29.700000
-30.800000
-83.800000
-88.600000
47.700000
46.200000
21.400000
89.200000
61.700000
-52.800000
-53.100000
92.200000
-14.100000
-95.800000
-16.800000
30.200000
22.300000
-88.500000
-91.900000
41.000000
-34.100000
-9.400000
-66.600000
61.700000
46.300000
95.700000
-89.400000
-31.000000
-45.600000
-86.100000
-26.600000
39.900000
-61.200000
-10.400000
51.300000
86.600000
91.500000
-27.400000
31.400000
53.200000
-24.500000
78.300000
1.000000
61.500000
38.300000
39.900000
-52.700000
-83.800000
51.500000
-44.500000
57.200000
73.100000
46.100000
46.400000
34.700000
-52.000000
42.000000
1.100000
17.000000
52.200000
-29.300000
90.500000
-8.000000
9.600000
-64.300000
99.000000
-48.200000
-72.800000
-72.700000
38.900000
36.100000
2.800000
17.100000
-63.000000
-80.100000
-89.000000
76.900000
-32.700000
-72.700000
-16.000000
-21.500000
40.200000
-43.000000
80.300000
-13.500000
47.500000
-71.800000
-71.500000
-95.800000
45.200000
36.400000
-25.100000
-8.700000
-71.700000
84.500000
27.100000
83.000000
92.000000
10.000000
-89.800000
30.800000
-54.000000
-31.200000
-96.400000
-17.000000
-55.600000
-85.400000
-84.500000
-32.600000
97.700000
-0.400000
1.600000
37.900000
56.600000
-18.200000
-75.700000
-40.300000
10.000000
-91.500000
-36.100000
-89.100000
44.900000
38.900000
2.200000
28.900000
-21.000000
85.000000
-32.400000
-73.300000
-5.100000
-66.500000
57.500000
40.900000
-42.000000
61.100000
79.600000
2.500000
31.500000
95.200000
25.600000
-15.200000
-5.300000
-72.800000
78.400000
-93.100000
9.000000
-97.300000
-77.600000
74.800000
67.000000
-13.700000
85.700000
-32.400000
80.900000
-56.500000
52.200000
-40.100000
-71.500000
-80.300000
-13.400000
23.400000
-46.700000
99.800000
-80.000000
11.300000
16.600000
99.600000
69.500000
-96.300000
94.700000
-4.900000
-11.500000
-55.000000
-22.000000
-33.100000
-92.300000
42.700000
-74.700000
-69.900000
-26.900000
48.000000
16.400000
-41.300000
-84.500000
-2.700000
2.300000
67.800000
12.900000
-13.500000
43.200000
99.500000
65.600000
96.500000
54.900000
85.600000
-36.500000
-28.600000
40.900000
88.700000
-24.900000
35.500000
-60.600000
63.700000
36.300000
17.400000
86.300000
44.000000
-84.200000
-88.500000
74.100000
-11.100000
15.200000
-53.900000
47.700000
30.800000
43.400000
-94.400000
-45.800000
-88.100000
-52.200000
97.400000
67.100000
-86.700000
49.600000
22.000000
54.700000
68.800000
93.400000
-4.500000
57.400000
-31.500000
86.700000
96.900000
87.900000
22.900000
-30.100000
29.800000
-33.200000
-14.300000
-3.000000
96.600000
74.700000
-87.900000
-57.300000
-22.000000
42.900000
41.800000
-60.700000
52.800000
53.800000
-57.200000
5.900000
20.800000
-43.900000
-44.600000
-57.300000
-89.300000
79.900000
91.900000
-38.100000
37.200000
-84.000000
-51.400000
34.000000
59.600000
71.500000
-96.100000
-10.700000
94.100000
-54.700000
86.300000
90.600000
75.700000
98.400000
89.000000
-90.700000
-3.000000
30.800000
-51.400000
-94.600000
-59.800000
-8.600000
11.300000
16.700000
3.300000
22.400000
15.200000
-30.300000
2.200000
7.000000
31.700000
-60.600000
23.000000
80.300000
29.100000
-61.800000
51.700000
-11.300000
27.500000
1.400000
34.100000
-30.600000
-8.000000
-34.600000
-76.600000
-63.400000
-25.200000
-23.900000
23.100000
23.400000
-18.400000
63.300000
70.600000
48.600000
-20.000000
-26.200000
-29.000000
50.900000
43.500000
73.200000
-42.200000
-69.200000
68.300000
36.500000
-89.000000
-46.900000
74.700000
62.800000
41.800000
-42.200000
-35.900000
-68.500000
27.200000
11.800000
-3.000000
50.600000
4.200000
71.800000
82.500000
-72.800000
-49.200000
-36.000000
46.300000
77.100000
-87.500000
-73.800000
-93.500000
-60.800000
32.800000
5.800000
68.200000
90.600000
36.600000
36.400000
-17.300000
47.700000
45.200000
-87.000000
-33.900000
-13.000000
-29.200000
-14.100000
-25.800000
53.700000
97.800000
71.200000
-40.100000
-42.400000
-1.400000
-57.700000
-15.200000
5.200000
6.300000
-69.000000
-17.800000
-25.400000
-87.100000
-11.200000
13.800000
45.700000
94.600000
-18.100000
-8.100000
31.100000
74.100000
74.600000
-65.600000
-25.100000
87.600000
0.500000
17.600000
-41.700000
86.500000
91.900000
-88.100000
39.900000
18.700000
-28.100000
97.500000
73.100000
-30.100000
-17.800000
-21.800000
76.300000
-31.000000
60.400000
-93.500000
-18.100000
-95.200000
20.300000
83.400000
55.100000
58.000000
-24.800000
-13.800000
-12.300000
-50.200000
-23.700000
62.600000
-62.700000
76.900000
-64.100000
-48.600000
19.000000
-72.300000
-81.000000
-41.200000
2.100000
-53.400000
-88.100000
-24.900000
16.600000
-50.200000
53.300000
-51.500000
18.800000
-30.600000
-45.000000
56.500000
-25.800000
31.000000
39.800000
-70.700000
-55.400000
70.700000
-28.800000
32.300000
-79.600000
47.500000
-49.400000
-86.500000
-20.000000
-13.500000
-79.400000
99.000000
-30.100000
95.400000
-86.600000
72.000000
-58.000000
-74.700000
-52.900000
14.300000
-24.800000
56.100000
62.800000
49.700000
-74.600000
-82.300000
6.100000
-44.600000
4.400000
-98.500000
-59.600000
49.100000
72.300000
11.600000
-63.000000
48.400000
-85.300000
-56.700000
17.600000
-49.500000
-14.500000
38.200000
-94.900000
55.400000
33.600000
-81.400000
-16.900000
31.300000
99.700000
30.200000
-54.500000
-25.200000
-58.100000
-91.800000
80.300000
-32.600000
81.700000
-58.000000
-21.500000
-14.000000
-56.400000
18.900000
90.800000
71.600000
86.200000
-72.200000
19.900000
56.600000
-73.200000
-62.500000
-93.000000
12.400000
31.400000
-87.800000
-76.600000
-35.100000
86.600000
6.500000
96.200000
86.200000
92.400000
97.400000
-83.300000
-65.700000
-94.500000
97.000000
-42.600000
42.900000
-61.100000
35.900000
84.700000
-61.800000
-45.300000
75.400000
-90.300000
96.600000
58.900000
-14.600000
53.100000
85.800000
-21.400000
60.200000
-46.200000
-90.100000
28.100000
-22.800000
-69.400000
14.600000
39.500000
-73.300000
0.700000
-12.500000
79.900000
-26.900000
21.800000
85.400000
-30.000000
34.900000
-16.000000
-35.300000
-73.600000
-31.400000
-41.400000
-63.200000
99.700000
-75.900000
-66.700000
14.300000
9.500000
86.500000
-44.300000
43.800000
46.600000
9.500000
53.700000
