52.400000
-41.600000
-70.000000
-91.500000
-56.200000
31.300000
45.300000
-36.200000
86.900000
0.800000
95.700000
5.600000
-57.900000
-28.200000
63.100000
86.300000
93.700000
-67.000000
84.300000
91.100000
68.600000
48.400000
72.500000
-20.700000
30.800000
48.100000
-50.900000
-30.400000
61.300000
-8.500000
36.000000
-30.700000
49.900000
66.100000
-22.100000
49.400000
-47.000000
-76.900000
-86.800000
95.600000
-20.400000
64.600000
1.100000
-22.600000
92.100000
-80.200000
-36.300000
85.700000
-47.200000
-52.100000
32.400000
77.100000
52.100000
-39.500000
-88.000000
-61.500000
64.400000
-38.800000
8.100000
25.600000
52.700000
99.800000
94.900000
-41.700000
65.800000
-71.600000
63.400000
-81.300000
-92.800000
76.600000
-85.700000
-57.400000
-3.200000
-28.900000
20.000000
-11.200000
-53.300000
83.700000
-69.800000
-0.500000
87.400000
18.300000
-67.700000
-4.900000
78.900000
-55.700000
33.600000
-1.100000
5.500000
97.400000
-75.600000
-86.100000
97.100000
75.000000
-72.100000
18.600000
59.200000
91.300000
-7.000000
66.400000
23.600000
7.300000
-91.100000
-79.700000
34.200000
-15.300000
-35.100000
80.900000
-76.000000
-49.200000
-64.000000
-88.700000
69.100000
-31.700000
-37.900000
3.600000
-31.600000
95.700000
-97.600000
73.900000
48.700000
82.600000
43.500000
45.800000
13.300000
71.400000
-80.000000
-27.600000
18.400000
13.000000
-61.300000
-58.100000
76.100000
-96.600000
-82.100000
10.200000
-56.200000
-61.500000
-53.300000
-32.200000
-10.700000
-61.600000
-20.800000
-85.900000
-37.500000
-3.000000
17.700000
30.900000
-7.300000
-24.100000
-39.600000
97.100000
-41.600000
-96.100000
42.800000
27.400000
31.000000
18.500000
99.800000
-50.700000
-68.500000
94.300000
-8.800000
-92.500000
97.700000
-35.100000
-26.600000
-58.600000
3.400000
-24.200000
-35.100000
92.800000
14.200000
-0.200000
-93.200000
76.700000
96.900000
-19.800000
-36.800000
-10.500000
56.100000
-20.600000
-13.500000
70.300000
-61.000000
85.100000
-2.400000
70.000000
-40.800000
-46.900000
75.100000
-9.300000
-52.700000
-78.100000
-46.100000
-55.100000
-13.200000
27.300000
-58.000000
90.300000
-97.000000
6.900000
38.700000
-27.000000
-93.300000
1.200000
-94.700000
59.300000
81.400000
-31.400000
-51.300000
-6.800000
48.000000
-9.100000
-80.900000
87.000000
-68.400000
-27.600000
12.600000
-53.400000
25.500000
-12.400000
37.300000
28.500000
9.600000
91.300000
29.100000
52.100000
-25.800000
71.100000
-2.000000
-22.700000
-66.300000
-63.400000
50.300000
96.200000
37.800000
11.300000
55.400000
-25.100000
79.900000
59.800000
23.800000
-16.500000
-93.700000
-1.400000
-73.900000
93.800000
71.000000
-5.500000
-59.700000
-47.800000
37.800000
33.300000
80.700000
-52.700000
