-99.200000
-35.700000
54.000000
-3.600000
-1.200000
28.200000
38.300000
-56.800000
69.200000
71.200000
1.800000
-68.000000
-19.700000
61.300000
69.500000
37.600000
24.800000
-65.400000
98.800000
74.700000
56.100000
7.400000
-25.700000
88.700000
83.100000
-97.100000
-98.600000
-87.500000
-46.200000
19.800000
-34.400000
-89.600000
84.100000
-80.500000
-37.500000
-61.500000
3.400000
-99.300000
-62.500000
-71.800000
27.600000
39.300000
-39.700000
63.700000
0.500000
-70.300000
1.200000
81.000000
-80.000000
-44.400000
55.600000
31.800000
18.700000
85.600000
20.500000
1.800000
88.500000
21.900000
14.300000
98.100000
-58.400000
35.600000
64.200000
81.500000
