-28.900000
-38.800000
-93.800000
78.000000
-23.900000
45.600000
-45.900000
-51.700000
70.600000
84.100000
15.800000
-35.500000
33.600000
-76.900000
31.400000
-96.300000
-12.100000
23.700000
80.200000
43.100000
14.700000
0.500000
35.600000
35.100000
93.600000
19.100000
-67.300000
99.100000
-75.100000
-35.800000
75.800000
-48.200000
25.500000
37.700000
-70.300000
57.300000
-16.800000
-60.500000
61.300000
-46.200000
-76.500000
-23.000000
18.300000
57.100000
0.100000
-94.700000
16.500000
88.100000
-15.200000
-3.400000
-13.200000
99.500000
52.800000
-77.700000
34.500000
2.100000
41.500000
22.900000
1.100000
22.100000
87.200000
-67.500000
29.600000
-31.700000
