50.400000
-50.800000
90.400000
-46.300000
25.600000
31.500000
-57.000000
20.300000
9.600000
-95.400000
67.000000
71.800000
43.500000
-64.300000
-74.900000
-85.300000
-63.200000
-29.600000
61.100000
22.500000
61.000000
-31.400000
-40.300000
-83.100000
-25.700000
32.900000
91.600000
54.600000
-97.500000
39.200000
-67.400000
53.000000
44.100000
78.700000
62.400000
-30.400000
-34.200000
-94.700000
45.600000
75.400000
65.800000
-31.800000
2.800000
-35.100000
-40.400000
-16.400000
-20.300000
-3.600000
54.000000
96.500000
74.700000
-29.400000
-79.300000
-65.700000
-56.700000
-4.900000
22.900000
-65.200000
-94.700000
25.500000
74.000000
93.800000
-65.900000
-26.300000
28.100000
52.200000
-1.000000
94.000000
57.500000
-99.800000
25.000000
-21.100000
-31.600000
-72.200000
43.900000
-16.300000
11.400000
79.300000
80.200000
-78.900000
31.400000
54.800000
-8.300000
52.100000
44.800000
35.000000
-97.200000
-76.700000
25.600000
64.000000
48.800000
-0.500000
57.700000
38.600000
29.000000
-58.600000
-9.300000
-72.100000
-64.700000
-96.100000
-71.800000
60.400000
-61.500000
-47.700000
43.900000
82.400000
36.100000
-89.100000
17.300000
-28.100000
-68.000000
-51.400000
82.400000
-20.500000
-99.300000
27.100000
70.200000
59.300000
6.100000
-4.300000
23.200000
-45.100000
51.000000
-63.500000
49.200000
-20.100000
-22.000000
95.700000
-36.500000
-31.000000
99.600000
-52.600000
85.100000
-62.000000
-44.500000
28.900000
76.200000
91.600000
39.900000
-50.900000
-80.900000
27.600000
-2.200000
-98.600000
-93.000000
-45.800000
-15.800000
77.300000
69.200000
90.300000
-71.400000
-7.600000
-99.200000
79.600000
28.900000
5.800000
-84.900000
62.600000
1.400000
-65.600000
-68.400000
0.900000
-18.200000
-83.400000
-5.400000
37.300000
1.300000
-73.600000
-15.500000
-58.900000
-68.700000
-40.700000
68.700000
29.100000
-39.300000
31.500000
39.000000
0.600000
-35.600000
8.100000
-9.100000
-7.000000
56.200000
-52.600000
-71.700000
-59.200000
53.200000
99.200000
-96.700000
-45.500000
-66.500000
90.700000
11.100000
-28.900000
63.100000
61.500000
64.100000
-35.700000
87.900000
-51.400000
5.400000
74.900000
7.900000
-70.300000
3.900000
24.400000
61.200000
98.600000
-75.100000
-74.500000
-37.600000
-28.500000
-25.700000
74.300000
-25.300000
2.600000
-85.000000
-72.200000
1.700000
74.200000
-61.900000
-9.000000
64.800000
49.200000
62.100000
27.800000
-33.700000
26.100000
92.100000
-90.100000
30.400000
-46.900000
84.800000
94.100000
-17.100000
-11.300000
18.400000
99.800000
-57.100000
-1.000000
81.100000
-39.000000
26.300000
-44.700000
-64.700000
-99.100000
13.600000
-49.700000
84.500000
71.000000
-75.600000
-77.500000
-38.100000
45.000000
27.500000
79.700000
-71.600000
93.800000
5.800000
76.300000
-96.400000
91.900000
-70.700000
88.500000
85.900000
-32.100000
-67.200000
-40.100000
-76.600000
-24.300000
14.700000
-95.600000
36.800000
-59.100000
-40.300000
27.800000
97.600000
29.000000
78.100000
82.000000
-0.100000
58.300000
60.300000
61.900000
-41.100000
-12.300000
41.500000
-12.700000
-18.600000
-97.100000
-36.500000
-14.900000
50.600000
-51.400000
-26.500000
-7.900000
16.500000
6.300000
52.100000
39.900000
37.700000
-77.600000
0.000000
-69.900000
-36.700000
15.400000
57.900000
-83.500000
-55.700000
-8.300000
98.500000
44.300000
-94.400000
58.700000
-38.200000
-35.500000
-98.000000
59.000000
7.500000
-16.500000
17.700000
71.100000
68.600000
-31.800000
-80.400000
97.800000
60.300000
-8.200000
-40.300000
-32.000000
87.500000
53.100000
-9.600000
-12.600000
83.300000
9.400000
-97.200000
-3.200000
-18.400000
-52.900000
44.200000
-19.900000
47.100000
49.800000
94.500000
-91.200000
70.000000
96.600000
67.900000
-22.500000
-64.300000
-58.800000
-51.500000
60.000000
9.400000
-76.200000
57.700000
-74.700000
15.600000
73.100000
-50.900000
-41.300000
26.100000
39.500000
46.200000
-35.000000
-95.400000
4.700000
61.900000
-13.800000
51.800000
-38.300000
22.000000
-45.400000
-88.500000
-27.800000
-36.600000
37.200000
-75.600000
87.000000
-85.400000
-84.200000
-71.900000
-81.200000
75.800000
-6.800000
98.400000
-10.900000
18.600000
-30.300000
-37.900000
67.700000
28.400000
88.200000
-37.200000
-25.500000
-91.100000
-76.900000
79.200000
26.500000
-34.900000
-13.300000
88.200000
42.800000
41.300000
55.400000
-85.100000
60.400000
-7.400000
95.100000
3.100000
-37.100000
-89.200000
31.200000
-18.200000
86.600000
80.200000
-19.900000
-24.400000
-45.600000
49.800000
-6.600000
-78.000000
-66.100000
-62.700000
-59.500000
8.400000
-53.800000
-80.600000
-12.400000
72.700000
-15.500000
30.000000
60.800000
-72.800000
-28.800000
16.200000
98.000000
87.300000
64.500000
93.000000
-9.700000
-72.700000
59.600000
77.300000
-35.200000
46.100000
57.400000
0.700000
77.500000
-88.300000
-93.900000
-73.500000
89.500000
-60.000000
-36.200000
85.700000
48.500000
10.000000
-95.000000
91.800000
-17.400000
-54.800000
-22.600000
99.200000
-27.500000
4.300000
-29.000000
-29.600000
-8.500000
-64.600000
-81.000000
37.600000
-81.600000
78.600000
14.800000
-16.700000
-19.600000
-72.200000
84.000000
-86.500000
95.300000
45.800000
-60.000000
84.700000
85.900000
3.900000
26.000000
-10.000000
69.600000
-13.200000
-62.600000
-92.100000
32.000000
14.800000
-93.000000
-95.600000
-81.000000
-66.300000
-69.500000
-33.800000
-30.900000
-94.700000
-96.300000
-56.800000
39.600000
-25.800000
26.500000
75.700000
2.000000
-33.900000
89.200000
