82.100000
97.100000
-83.400000
-19.800000
-88.800000
95.300000
42.000000
65.000000
-82.200000
-81.700000
9.600000
-63.600000
-68.100000
52.800000
-80.200000
16.300000
-3.900000
61.000000
16.500000
100.000000
-62.100000
-60.600000
-87.500000
-85.900000
-3.300000
-40.700000
-61.700000
39.800000
-82.200000
8.200000
94.300000
55.600000
-39.100000
66.700000
91.500000
-72.200000
61.900000
33.400000
48.500000
35.400000
7.400000
-86.300000
71.900000
39.300000
22.300000
47.400000
-88.800000
74.100000
-36.000000
-16.600000
74.000000
1.900000
-21.400000
86.500000
16.000000
75.300000
-98.600000
10.100000
-29.300000
-80.700000
74.000000
-79.300000
30.600000
-65.100000
43.100000
22.100000
-81.600000
4.900000
-44.600000
22.700000
-59.700000
62.900000
36.400000
67.900000
-42.200000
-41.400000
-29.100000
-75.200000
-67.400000
34.900000
8.200000
62.300000
-63.200000
86.800000
4.400000
8.500000
17.800000
5.900000
74.300000
88.500000
-19.100000
48.300000
-90.900000
-88.600000
38.900000
52.200000
33.500000
57.300000
-87.200000
44.700000
-20.100000
-91.200000
-36.800000
72.100000
32.400000
21.000000
-69.400000
-96.800000
45.800000
-81.000000
38.100000
-90.300000
37.000000
30.600000
96.500000
97.200000
94.900000
-30.100000
-41.300000
69.100000
-41.600000
39.600000
17.300000
-76.800000
6.700000
-43.900000
31.200000
96.000000
