-84.800000
10.500000
80.500000
50.700000
63.400000
-97.500000
91.100000
-42.700000
-88.100000
-63.600000
-29.000000
29.600000
-99.100000
-4.900000
44.900000
-18.300000
-90.400000
-40.500000
3.100000
-22.300000
-28.600000
-75.400000
-72.500000
17.200000
81.700000
68.600000
82.100000
97.700000
51.600000
-90.300000
75.900000
66.800000
-24.000000
56.300000
17.400000
-60.700000
58.800000
-35.800000
-3.400000
70.800000
-43.700000
23.300000
-44.000000
-42.700000
-81.600000
-99.200000
39.000000
83.800000
-83.900000
97.900000
-82.800000
-56.800000
-77.600000
-99.600000
60.400000
-96.000000
69.000000
-1.900000
57.400000
20.500000
7.800000
33.200000
-57.000000
83.800000
-10.500000
60.400000
78.800000
-96.100000
80.300000
-24.600000
30.400000
-63.400000
98.700000
42.100000
-50.400000
72.800000
43.000000
88.600000
56.600000
14.800000
86.400000
29.500000
58.000000
-91.300000
29.900000
18.300000
68.600000
-1.100000
72.100000
-18.400000
75.100000
-20.200000
-85.200000
-82.000000
-80.700000
-40.000000
34.200000
98.100000
-36.100000
14.400000
-70.900000
50.100000
6.700000
-72.200000
-7.900000
56.300000
56.300000
90.800000
0.600000
-31.500000
5.500000
-13.100000
98.000000
-36.600000
-48.600000
27.900000
37.400000
75.700000
82.500000
9.400000
-42.800000
13.200000
89.300000
-72.300000
31.300000
64.300000
-12.300000
-78.900000
18.000000
7.400000
-8.800000
47.200000
-86.900000
53.700000
30.700000
5.200000
9.900000
-13.100000
-4.000000
-89.600000
55.500000
-98.600000
-46.900000
53.400000
-79.400000
-39.800000
-63.100000
58.000000
91.600000
75.100000
-32.600000
-51.300000
-11.700000
-87.700000
-23.500000
75.300000
32.300000
19.900000
52.100000
-49.800000
83.000000
-56.800000
97.400000
96.100000
96.900000
28.000000
1.300000
-37.500000
70.700000
53.000000
-71.400000
26.100000
54.400000
-62.600000
-64.900000
30.700000
-2.400000
-27.900000
-11.300000
-10.900000
-52.900000
11.800000
-6.400000
-8.900000
-20.200000
25.800000
-78.000000
-88.000000
-54.400000
74.100000
-37.800000
-71.400000
73.100000
-84.700000
-75.400000
69.900000
-1.000000
-18.400000
88.100000
-30.400000
-65.500000
-83.300000
95.700000
44.700000
-45.900000
-69.200000
-24.700000
7.500000
-41.400000
64.000000
96.600000
-38.600000
-68.600000
-54.200000
8.300000
11.200000
71.600000
30.300000
23.200000
-82.800000
4.400000
41.200000
-98.500000
-22.600000
56.500000
81.900000
-97.100000
-44.600000
-36.500000
91.100000
25.100000
-2.000000
63.500000
-23.600000
-57.400000
73.300000
-37.100000
18.000000
-19.300000
21.500000
-62.400000
-67.000000
38.700000
-75.200000
-21.200000
-53.100000
36.000000
-49.600000
32.900000
-40.800000
-76.700000
93.000000
56.100000
80.600000
-74.000000
12.500000
62.400000
84.800000
67.900000
-74.200000
31.500000
-51.400000
23.900000
-5.100000
25.100000
22.200000
-31.900000
43.700000
95.900000
48.900000
-79.100000
89.300000
81.900000
59.600000
-86.000000
-83.700000
62.200000
50.000000
-33.300000
-49.300000
64.900000
-54.300000
-56.300000
20.900000
-73.800000
-74.600000
89.100000
88.700000
-89.900000
12.700000
-85.600000
41.600000
61.300000
-6.000000
-63.600000
-58.000000
-83.800000
-39.700000
41.500000
67.800000
64.900000
62.400000
57.000000
2.400000
-22.400000
71.000000
18.700000
95.500000
-23.300000
41.200000
-53.900000
97.300000
86.900000
-54.500000
-26.100000
68.900000
-29.000000
-37.100000
57.500000
-18.900000
75.600000
27.600000
78.500000
-7.400000
77.400000
70.600000
-9.700000
49.300000
-69.200000
-68.300000
17.000000
95.700000
49.800000
-70.300000
-2.000000
-72.700000
-99.400000
72.500000
78.500000
-67.000000
13.600000
80.400000
-69.700000
-43.900000
-74.200000
4.200000
-75.100000
-47.500000
22.800000
38.100000
-10.600000
-1.600000
-78.600000
-32.200000
46.700000
54.500000
-61.700000
92.700000
3.700000
-75.100000
80.200000
76.400000
-79.500000
29.900000
-94.000000
-25.700000
13.000000
62.500000
-97.600000
-8.600000
95.500000
16.000000
-72.600000
81.500000
27.800000
-46.700000
-14.400000
8.500000
5.800000
64.200000
-97.800000
50.900000
-81.800000
79.400000
-81.400000
64.900000
33.800000
-87.300000
13.200000
93.200000
-62.400000
-6.700000
69.600000
-86.200000
-76.800000
75.600000
-11.900000
-8.100000
-6.300000
-53.800000
39.000000
-10.800000
17.900000
66.500000
-29.400000
-54.300000
75.500000
12.000000
9.900000
-63.100000
-23.900000
12.100000
87.900000
-5.700000
-8.500000
-93.600000
-85.200000
81.000000
-80.900000
28.000000
74.200000
-87.600000
77.100000
43.700000
-73.700000
56.000000
-25.100000
-29.900000
-52.200000
68.700000
16.400000
42.500000
-86.500000
-65.800000
8.900000
-15.900000
-64.400000
-15.700000
51.800000
45.500000
21.300000
83.600000
-86.700000
-35.200000
-66.500000
4.800000
-28.800000
-96.000000
-14.300000
-53.900000
-12.200000
-40.200000
-41.500000
-35.200000
59.200000
-59.500000
-79.300000
-65.900000
10.700000
-75.800000
-97.300000
-73.000000
66.700000
-83.800000
-83.100000
-24.400000
-44.000000
-47.400000
15.600000
63.600000
98.100000
92.600000
47.100000
-88.700000
-42.700000
36.400000
-28.200000
-15.700000
40.400000
13.300000
-13.900000
-71.900000
73.100000
0.300000
-7.100000
32.300000
40.900000
-30.700000
22.100000
-48.500000
-6.500000
24.800000
-21.500000
-39.800000
-3.300000
-4.600000
-8.500000
8.400000
3.700000
-93.000000
-28.100000
-42.500000
99.700000
74.800000
-75.500000
-87.400000
11.100000
-3.600000
-3.100000
-92.900000
-90.400000
83.000000
-64.700000
38.400000
-16.700000
-16.100000
-73.700000
79.900000
53.300000
4.100000
-68.700000
-53.300000
84.600000
-34.500000
-37.400000
-18.800000
16.600000
54.100000
89.700000
-79.700000
61.200000
-82.800000
-66.500000
16.500000
92.000000
-42.000000
29.100000
3.000000
10.100000
-74.000000
10.200000
-24.600000
64.700000
1.200000
-86.200000
-96.400000
85.100000
95.900000
83.500000
-6.000000
0.000000
70.500000
-3.500000
-15.500000
-64.100000
59.100000
21.500000
52.600000
13.200000
-33.200000
28.600000
-70.000000
-16.000000
62.100000
46.500000
-24.000000
-80.000000
-68.800000
34.700000
30.200000
-42.800000
-55.200000
-94.500000
77.700000
1.700000
75.100000
37.000000
-13.200000
26.700000
20.500000
36.500000
82.400000
-9.100000
-67.100000
-77.500000
-17.400000
47.800000
44.000000
90.900000
-83.400000
-89.300000
19.400000
-53.400000
-49.500000
-62.900000
48.800000
26.500000
-87.200000
80.000000
-38.900000
-1.300000
93.000000
-38.300000
4.300000
70.600000
63.400000
-65.000000
7.500000
-94.200000
17.400000
83.700000
42.400000
-0.300000
-69.700000
31.000000
22.300000
12.900000
-21.300000
-78.100000
3.700000
-4.700000
88.500000
78.800000
41.900000
-61.100000
-84.200000
-9.400000
21.100000
84.400000
-73.700000
82.200000
-16.900000
-80.800000
-56.200000
43.100000
45.500000
63.000000
78.100000
-91.400000
68.800000
-48.800000
92.400000
11.100000
50.900000
78.400000
97.900000
-71.200000
-53.100000
-23.500000
-49.200000
6.300000
71.900000
95.000000
-15.000000
-30.600000
-66.200000
-43.500000
15.800000
54.900000
-59.200000
42.100000
-7.300000
-20.400000
17.000000
-7.700000
-77.400000
-37.600000
-44.800000
56.500000
-29.000000
79.700000
-92.400000
-81.000000
-53.500000
58.500000
53.100000
-55.700000
43.100000
100.000000
20.800000
49.600000
6.200000
-7.400000
44.500000
46.900000
17.800000
78.300000
59.100000
-66.500000
-11.200000
100.000000
31.300000
81.500000
-64.800000
-51.800000
-70.600000
-42.100000
-33.700000
-15.400000
-85.700000
-7.000000
-35.700000
-78.100000
-32.200000
10.800000
36.100000
-79.200000
55.100000
-65.200000
-79.200000
-68.500000
84.400000
-17.300000
-20.100000
28.800000
-70.400000
97.700000
-37.300000
88.700000
86.900000
7.200000
44.300000
18.100000
-55.600000
79.600000
22.000000
-26.200000
-62.600000
88.300000
14.200000
-92.600000
-18.800000
78.500000
85.100000
49.000000
-55.100000
21.100000
69.900000
55.700000
56.000000
46.400000
42.900000
-4.000000
-71.000000
-77.300000
-75.200000
-85.700000
76.100000
-56.800000
-97.000000
62.900000
50.500000
3.000000
-63.400000
94.900000
-17.500000
58.600000
-31.400000
-24.400000
46.800000
82.800000
-61.300000
-72.000000
16.900000
-76.300000
32.700000
17.500000
0.600000
-41.800000
-71.200000
-87.800000
-95.500000
71.800000
8.200000
89.400000
50.200000
-11.300000
-96.400000
26.300000
32.000000
62.400000
-10.900000
-61.900000
-34.600000
25.800000
-67.100000
3.600000
-15.700000
-42.800000
35.000000
86.900000
95.800000
73.700000
70.600000
12.600000
97.500000
3.200000
85.900000
-2.000000
61.500000
70.400000
-34.100000
21.700000
42.100000
74.100000
11.000000
-7.700000
-81.500000
-29.600000
-81.500000
50.500000
-67.300000
-36.700000
44.300000
-1.900000
89.100000
77.200000
57.500000
-70.900000
90.100000
-7.600000
71.700000
85.800000
-78.300000
42.200000
-45.900000
-80.900000
-99.000000
95.700000
-27.200000
18.200000
66.000000
38.700000
-60.100000
8.100000
-31.500000
6.600000
56.100000
-13.000000
77.000000
30.300000
93.200000
-90.300000
93.600000
37.400000
-36.500000
38.400000
-29.800000
76.700000
23.200000
-39.800000
-31.000000
-5.200000
-98.300000
-9.200000
-63.100000
-44.200000
-34.400000
93.700000
-48.600000
-5.800000
11.900000
-82.700000
88.600000
51.800000
-18.900000
-43.000000
-41.700000
-62.900000
-0.300000
-64.700000
23.100000
-7.200000
-99.300000
16.700000
85.900000
-35.800000
-45.000000
-44.000000
-59.100000
33.900000
-28.000000
-34.400000
-71.400000
-26.300000
12.100000
-78.800000
-14.800000
77.800000
-85.200000
-7.700000
-28.100000
26.700000
-34.700000
-83.900000
-21.600000
46.500000
-26.800000
-7.500000
39.300000
28.600000
-16.500000
-81.900000
77.200000
-15.800000
34.800000
63.000000
4.100000
45.500000
74.800000
45.000000
-20.700000
-97.600000
66.400000
7.900000
-23.900000
-21.600000
-15.200000
17.000000
-88.200000
-0.400000
-90.800000
-60.600000
-73.700000
-69.800000
-44.400000
-39.600000
32.400000
-15.500000
52.900000
-72.600000
-87.000000
-63.700000
-54.500000
90.200000
20.500000
80.300000
8.900000
80.400000
-18.600000
-60.700000
-19.000000
60.700000
-58.300000
-52.700000
-75.800000
-26.500000
-18.500000
9.000000
90.500000
-6.700000
64.300000
55.400000
32.800000
90.600000
85.600000
44.100000
-49.000000
18.000000
-71.500000
59.600000
45.400000
-58.500000
51.700000
90.900000
87.500000
-72.200000
26.800000
-48.000000
-91.900000
-91.900000
-8.700000
-10.800000
24.500000
33.000000
36.500000
4.400000
-93.600000
-82.100000
69.100000
52.600000
-33.000000
33.300000
7.900000
99.800000
-20.400000
-50.900000
43.800000
-13.700000
22.800000
28.000000
-54.200000
-31.900000
69.500000
53.200000
-85.400000
12.600000
81.100000
-2.900000
64.600000
89.200000
-39.100000
-44.200000
-66.000000
41.100000
88.800000
26.300000
-98.900000
50.900000
44.200000
70.200000
3.400000
66.900000
-40.800000
-88.800000
66.600000
38.800000
-83.900000
-34.000000
-75.000000
38.900000
94.000000
-73.500000
62.800000
