55.500000
-72.500000
-84.900000
-66.100000
92.500000
31.300000
-8.100000
-3.800000
87.600000
-67.600000
-13.300000
95.100000
69.600000
-32.000000
-62.500000
-64.100000
-45.100000
93.600000
-51.600000
27.900000
-97.800000
9.200000
40.600000
9.200000
-27.500000
80.400000
58.100000
-92.700000
76.100000
6.700000
-11.300000
31.500000
-10.000000
-40.500000
21.100000
-17.600000
90.900000
-87.000000
78.600000
78.400000
-98.900000
-79.000000
73.400000
70.700000
-11.000000
66.600000
62.300000
-0.400000
60.100000
66.400000
83.200000
18.000000
-68.800000
-20.500000
-72.800000
3.800000
-40.200000
85.300000
11.100000
-64.200000
-52.400000
55.600000
23.000000
37.600000
-85.000000
-56.000000
75.700000
61.600000
-87.300000
10.000000
-4.400000
-86.200000
31.000000
-31.100000
40.200000
75.700000
91.200000
2.500000
-24.800000
6.900000
-75.500000
-85.900000
-75.100000
-44.200000
-6.400000
-47.900000
59.600000
9.100000
93.100000
-73.700000
0.600000
-59.400000
81.900000
-76.500000
34.000000
52.700000
-32.500000
9.600000
14.200000
-64.000000
-80.500000
-90.200000
-50.200000
6.200000
-65.600000
45.800000
-18.200000
-74.400000
-51.800000
12.800000
32.500000
-71.600000
26.900000
13.100000
-15.800000
76.200000
65.200000
99.500000
-59.100000
13.900000
-74.200000
-2.800000
54.600000
-92.400000
20.700000
-55.800000
60.300000
43.900000
53.800000
-69.800000
35.600000
29.100000
95.800000
85.500000
91.000000
-69.900000
31.200000
-71.500000
-88.600000
35.100000
41.300000
-0.300000
19.200000
-76.200000
-87.300000
-96.600000
55.700000
33.700000
-97.200000
52.300000
-52.500000
84.400000
-50.600000
57.800000
47.800000
25.800000
-98.100000
-36.300000
-74.700000
11.500000
-6.100000
61.000000
96.300000
-54.700000
2.100000
87.200000
-68.800000
89.000000
-84.400000
-57.400000
-20.300000
12.600000
-2.000000
98.900000
36.400000
-33.500000
-97.800000
-52.300000
-99.900000
60.900000
100.000000
-96.700000
0.900000
-50.700000
61.200000
-51.400000
30.800000
18.800000
12.400000
56.200000
-69.800000
62.000000
17.100000
82.200000
-92.700000
74.900000
25.100000
-61.500000
63.800000
-3.600000
-63.200000
-56.600000
-91.000000
-9.400000
-57.800000
1.100000
57.100000
-99.800000
4.600000
12.900000
16.800000
4.500000
16.200000
-82.400000
9.600000
-67.000000
-78.000000
-59.700000
51.900000
34.400000
96.500000
37.800000
-48.000000
-30.800000
-24.300000
-40.700000
-56.000000
-99.300000
-46.500000
-92.300000
-2.900000
-53.900000
-93.200000
-38.200000
36.700000
-50.900000
18.700000
-6.300000
-95.000000
-76.800000
-93.500000
21.800000
-16.600000
-21.600000
-4.900000
93.000000
11.500000
17.100000
-66.700000
-81.000000
-48.600000
85.500000
12.500000
3.500000
-89.600000
88.200000
